        8	2022-08-22 05:13:39	1	255	1	0
        5	2022-08-22 05:53:33	1	255	1	0
        4	2022-08-22 06:09:54	1	255	1	0
        7	2022-08-22 06:12:50	1	255	1	0
        5	2022-08-22 17:03:12	1	255	1	0
        4	2022-08-22 18:53:09	1	255	1	0
        7	2022-08-22 19:55:49	1	255	1	0
        5	2022-08-22 18:03:12	1	255	1	0
        5	2022-08-22 19:03:12	1	255	1	0
        8	2022-08-23 05:13:39	1	255	1	0
        5	2022-08-23 05:53:33	1	255	1	0
        4	2022-08-23 06:09:54	1	255	1	0
        7	2022-08-23 06:12:50	1	255	1	0
        5	2022-08-23 17:03:12	1	255	1	0
        4	2022-08-23 18:53:09	1	255	1	0
        7	2022-08-23 19:55:49	1	255	1	0
        5	2022-08-23 18:03:12	1	255	1	0
        5	2022-08-23 19:03:12	1	255	1	0
        8	2022-08-24 05:13:39	1	255	1	0
        5	2022-08-24 05:53:33	1	255	1	0
        4	2022-08-24 06:09:54	1	255	1	0
        7	2022-08-24 06:12:50	1	255	1	0
        5	2022-08-24 17:03:12	1	255	1	0
        4	2022-08-24 18:53:09	1	255	1	0
        7	2022-08-24 19:55:49	1	255	1	0
        5	2022-08-24 18:03:12	1	255	1	0
        5	2022-08-24 19:03:12	1	255	1	0
        8	2022-08-25 05:13:39	1	255	1	0
        5	2022-08-25 05:53:33	1	255	1	0
        4	2022-08-25 06:09:54	1	255	1	0
        7	2022-08-25 06:12:50	1	255	1	0
        5	2022-08-25 17:03:12	1	255	1	0
        4	2022-08-25 18:53:09	1	255	1	0
        7	2022-08-25 19:55:49	1	255	1	0
        5	2022-08-25 18:03:12	1	255	1	0
        5	2022-08-25 19:03:12	1	255	1	0
        8	2022-08-26 05:13:39	1	255	1	0
        5	2022-08-26 05:53:33	1	255	1	0
        4	2022-08-26 06:09:54	1	255	1	0
        7	2022-08-26 06:12:50	1	255	1	0
        5	2022-08-26 17:03:12	1	255	1	0
        4	2022-08-26 18:53:09	1	255	1	0
        7	2022-08-26 19:55:49	1	255	1	0
        5	2022-08-26 18:03:12	1	255	1	0
        5	2022-08-26 19:03:12	1	255	1	0
