        8	2024-01-01 08:07:22	1	255	1	0
        8	2024-01-01 12:56:02	1	255	1	0
        8	2024-01-02 08:04:24	1	255	1	0
        8	2024-01-03 08:57:50	1	255	1	0
        8	2024-01-03 13:07:18	1	255	1	0
        8	2024-01-04 07:24:24	1	255	1	0
        7	2024-01-09 13:20:10	1	255	1	0
       14	2024-01-09 15:57:24	1	255	1	0
       11	2024-01-09 15:57:32	1	255	1	0
       12	2024-01-09 15:57:41	1	255	1	0
        4	2024-01-09 15:57:54	1	255	1	0
        9	2024-01-09 16:16:46	1	255	1	0
       15	2024-01-09 16:17:15	1	255	1	0
        6	2024-01-09 16:19:39	1	255	1	0
        8	2024-01-10 06:56:03	1	255	1	0
       14	2024-01-10 06:56:06	1	255	1	0
       12	2024-01-10 07:07:54	1	255	1	0
       11	2024-01-10 07:07:58	1	255	1	0
        9	2024-01-10 08:21:02	1	255	1	0
        6	2024-01-10 08:53:20	1	255	1	0
        7	2024-01-10 08:53:24	1	255	1	0
       15	2024-01-10 08:53:39	1	255	1	0
       14	2024-01-10 15:44:49	1	255	1	0
        4	2024-01-10 15:44:53	1	255	1	0
       12	2024-01-10 15:44:57	1	255	1	0
       11	2024-01-10 15:45:00	1	255	1	0
        9	2024-01-10 16:15:23	1	255	1	0
       14	2024-01-11 06:53:08	1	255	1	0
       11	2024-01-11 07:01:44	1	255	1	0
       12	2024-01-11 07:01:49	1	255	1	0
        9	2024-01-11 07:49:59	1	255	1	0
        6	2024-01-11 08:38:14	1	255	1	0
        7	2024-01-11 08:38:21	1	255	1	0
       15	2024-01-11 08:38:25	1	255	1	0
       11	2024-01-11 15:45:21	1	255	1	0
        4	2024-01-11 15:45:24	1	255	1	0
       14	2024-01-11 15:45:28	1	255	1	0
       12	2024-01-11 15:45:33	1	255	1	0
       14	2024-01-12 06:50:51	1	255	1	0
        8	2024-01-12 06:53:09	1	255	1	0
       12	2024-01-12 06:57:46	1	255	1	0
        4	2024-01-12 06:57:49	1	255	1	0
        9	2024-01-12 07:42:58	1	255	1	0
        6	2024-01-12 08:20:43	1	255	1	0
       15	2024-01-12 08:20:54	1	255	1	0
        4	2024-01-12 14:26:07	1	255	1	0
       12	2024-01-12 14:26:11	1	255	1	0
       14	2024-01-12 14:26:14	1	255	1	0
       11	2024-01-12 14:26:20	1	255	1	0
        8	2024-01-12 15:56:28	1	255	1	0
        8	2024-01-13 10:05:06	1	255	1	0
        8	2024-01-14 07:51:49	1	255	1	0
        8	2024-01-15 06:51:51	1	255	1	0
       14	2024-01-15 06:52:07	1	255	1	0
       12	2024-01-15 07:01:38	1	255	1	0
        5	2024-01-15 07:01:43	1	255	1	0
       11	2024-01-15 07:01:49	1	255	1	0
        4	2024-01-15 07:07:22	1	255	1	0
       15	2024-01-15 08:36:22	1	255	1	0
        6	2024-01-15 08:55:33	1	255	1	0
        7	2024-01-15 09:06:48	1	255	1	0
       12	2024-01-15 15:52:35	1	255	1	0
        4	2024-01-15 15:52:41	1	255	1	0
        5	2024-01-15 15:52:46	1	255	1	0
       14	2024-01-15 15:52:49	1	255	1	0
       11	2024-01-15 15:52:55	1	255	1	0
        8	2024-01-15 16:20:19	1	255	1	0
        9	2024-01-15 17:27:44	1	255	1	0
       14	2024-01-16 06:44:37	1	255	1	0
       12	2024-01-16 06:56:04	1	255	1	0
       11	2024-01-16 06:56:08	1	255	1	0
        8	2024-01-16 06:56:17	1	255	1	0
        5	2024-01-16 06:56:23	1	255	1	0
        5	2024-01-16 06:57:25	1	255	1	0
        4	2024-01-16 07:03:02	1	255	1	0
        9	2024-01-16 07:49:28	1	255	1	0
        7	2024-01-16 08:56:31	1	255	1	0
        6	2024-01-16 08:56:38	1	255	1	0
       15	2024-01-16 08:56:46	1	255	1	0
       14	2024-01-16 16:02:20	1	255	1	0
       12	2024-01-16 16:02:28	1	255	1	0
        4	2024-01-16 16:03:01	1	255	1	0
        5	2024-01-16 16:03:06	1	255	1	0
       11	2024-01-16 16:03:10	1	255	1	0
        9	2024-01-16 16:34:54	1	255	1	0
        8	2024-01-16 16:56:30	1	255	1	0
        8	2024-01-17 06:54:17	1	255	1	0
       12	2024-01-17 06:57:46	1	255	1	0
        5	2024-01-17 06:57:51	1	255	1	0
       14	2024-01-17 06:58:03	1	255	1	0
       11	2024-01-17 06:58:09	1	255	1	0
        4	2024-01-17 07:12:30	1	255	1	0
        9	2024-01-17 07:32:32	1	255	1	0
        7	2024-01-17 08:28:23	1	255	1	0
        6	2024-01-17 08:28:28	1	255	1	0
       15	2024-01-17 08:28:33	1	255	1	0
        4	2024-01-17 15:55:59	1	255	1	0
       12	2024-01-17 15:59:13	1	255	1	0
        5	2024-01-17 15:59:16	1	255	1	0
       14	2024-01-17 15:59:28	1	255	1	0
       11	2024-01-17 15:59:32	1	255	1	0
        9	2024-01-17 16:04:40	1	255	1	0
        8	2024-01-17 16:52:05	1	255	1	0
       14	2024-01-18 06:52:04	1	255	1	0
        8	2024-01-18 06:55:57	1	255	1	0
        4	2024-01-18 07:02:12	1	255	1	0
       12	2024-01-18 07:13:03	1	255	1	0
       11	2024-01-18 07:13:08	1	255	1	0
        5	2024-01-18 07:13:11	1	255	1	0
        9	2024-01-18 07:33:26	1	255	1	0
        7	2024-01-18 08:50:44	1	255	1	0
       15	2024-01-18 08:51:13	1	255	1	0
        8	2024-01-18 15:25:53	1	255	1	0
        5	2024-01-18 15:51:26	1	255	1	0
       12	2024-01-18 15:51:31	1	255	1	0
       11	2024-01-18 15:51:55	1	255	1	0
        5	2024-01-18 15:57:34	1	255	1	0
        4	2024-01-18 15:57:38	1	255	1	0
       14	2024-01-18 15:57:44	1	255	1	0
        9	2024-01-18 16:09:22	1	255	1	0
        6	2024-01-18 16:30:31	1	255	1	0
       12	2024-01-19 07:07:48	1	255	1	0
       14	2024-01-19 07:07:54	1	255	1	0
       11	2024-01-19 07:08:16	1	255	1	0
        5	2024-01-19 07:08:26	1	255	1	0
        4	2024-01-19 07:48:40	1	255	1	0
        8	2024-01-19 08:06:25	1	255	1	0
        6	2024-01-19 08:32:57	1	255	1	0
       15	2024-01-19 08:39:58	1	255	1	0
        4	2024-01-19 16:16:47	1	255	1	0
       14	2024-01-19 16:16:52	1	255	1	0
        5	2024-01-19 16:16:56	1	255	1	0
       12	2024-01-19 16:16:59	1	255	1	0
       11	2024-01-19 16:17:05	1	255	1	0
        9	2024-01-19 16:59:10	1	255	1	0
       12	2024-01-20 07:00:20	1	255	1	0
       11	2024-01-20 07:00:29	1	255	1	0
        5	2024-01-20 07:00:36	1	255	1	0
        8	2024-01-20 07:25:57	1	255	1	0
       14	2024-01-20 07:26:05	1	255	1	0
       14	2024-01-20 07:33:38	1	255	1	0
        4	2024-01-20 08:09:43	1	255	1	0
       15	2024-01-20 08:26:36	1	255	1	0
        8	2024-01-21 07:07:48	1	255	1	0
        8	2024-01-22 06:55:05	1	255	1	0
       14	2024-01-22 06:55:14	1	255	1	0
       12	2024-01-22 07:03:10	1	255	1	0
       11	2024-01-22 07:03:15	1	255	1	0
        5	2024-01-22 07:03:31	1	255	1	0
        9	2024-01-22 07:33:49	1	255	1	0
        6	2024-01-22 08:35:44	1	255	1	0
        7	2024-01-22 08:35:53	1	255	1	0
        4	2024-01-22 16:01:21	1	255	1	0
       14	2024-01-22 16:01:24	1	255	1	0
        5	2024-01-22 16:01:30	1	255	1	0
       11	2024-01-22 16:01:34	1	255	1	0
       12	2024-01-22 16:01:48	1	255	1	0
        9	2024-01-22 16:05:20	1	255	1	0
        8	2024-01-23 06:53:16	1	255	1	0
       14	2024-01-23 06:53:23	1	255	1	0
        4	2024-01-23 07:01:22	1	255	1	0
        5	2024-01-23 07:13:09	1	255	1	0
       15	2024-01-23 08:39:28	1	255	1	0
        5	2024-01-23 16:13:51	1	255	1	0
        4	2024-01-23 16:13:57	1	255	1	0
       14	2024-01-23 16:14:00	1	255	1	0
        9	2024-01-23 16:14:26	1	255	1	0
        6	2024-01-23 16:36:17	1	255	1	0
        4	2024-01-24 06:54:14	1	255	1	0
        5	2024-01-24 07:00:02	1	255	1	0
       14	2024-01-24 07:00:16	1	255	1	0
       12	2024-01-24 07:00:19	1	255	1	0
       11	2024-01-24 07:00:23	1	255	1	0
        8	2024-01-24 07:09:15	1	255	1	0
       15	2024-01-24 08:38:32	1	255	1	0
        6	2024-01-24 08:44:56	1	255	1	0
        4	2024-01-24 15:59:02	1	255	1	0
        5	2024-01-24 15:59:06	1	255	1	0
       12	2024-01-24 15:59:09	1	255	1	0
        9	2024-01-24 16:26:23	1	255	1	0
        4	2024-01-25 06:55:46	1	255	1	0
        5	2024-01-25 06:57:56	1	255	1	0
       12	2024-01-25 06:58:31	1	255	1	0
        8	2024-01-25 07:01:27	1	255	1	0
        9	2024-01-25 07:31:52	1	255	1	0
        7	2024-01-25 08:47:40	1	255	1	0
        6	2024-01-25 08:47:46	1	255	1	0
       15	2024-01-25 08:47:55	1	255	1	0
        4	2024-01-25 15:52:53	1	255	1	0
        4	2024-01-25 15:52:56	1	255	1	0
       12	2024-01-25 16:01:06	1	255	1	0
        5	2024-01-25 16:01:13	1	255	1	0
        9	2024-01-25 16:34:16	1	255	1	0
        8	2024-01-26 06:54:58	1	255	1	0
        4	2024-01-26 06:58:26	1	255	1	0
       12	2024-01-26 07:25:01	1	255	1	0
        5	2024-01-26 07:25:05	1	255	1	0
        9	2024-01-26 07:29:29	1	255	1	0
       15	2024-01-26 08:27:14	1	255	1	0
        9	2024-01-26 15:30:45	1	255	1	0
        5	2024-01-26 15:30:50	1	255	1	0
        8	2024-01-28 07:28:04	1	255	1	0
        8	2024-01-29 06:54:01	1	255	1	0
       11	2024-01-29 06:56:58	1	255	1	0
       14	2024-01-29 06:57:07	1	255	1	0
       12	2024-01-29 06:57:11	1	255	1	0
        5	2024-01-29 06:57:17	1	255	1	0
        4	2024-01-29 06:58:48	1	255	1	0
        9	2024-01-29 07:29:14	1	255	1	0
       15	2024-01-29 08:29:29	1	255	1	0
        7	2024-01-29 10:46:01	1	255	1	0
        4	2024-01-29 15:50:58	1	255	1	0
       14	2024-01-29 15:51:10	1	255	1	0
       12	2024-01-29 15:51:18	1	255	1	0
       11	2024-01-29 15:51:32	1	255	1	0
        5	2024-01-29 15:51:38	1	255	1	0
        9	2024-01-29 17:21:58	1	255	1	0
        8	2024-01-30 06:53:24	1	255	1	0
       12	2024-01-30 07:02:07	1	255	1	0
        5	2024-01-30 07:02:13	1	255	1	0
       14	2024-01-30 07:02:18	1	255	1	0
       11	2024-01-30 07:02:30	1	255	1	0
        4	2024-01-30 07:08:56	1	255	1	0
        6	2024-01-30 07:55:59	1	255	1	0
        7	2024-01-30 07:56:03	1	255	1	0
        9	2024-01-30 08:13:01	1	255	1	0
        5	2024-01-30 15:52:16	1	255	1	0
       14	2024-01-30 15:52:20	1	255	1	0
        4	2024-01-30 15:52:24	1	255	1	0
       12	2024-01-30 15:52:30	1	255	1	0
       11	2024-01-30 15:52:36	1	255	1	0
        9	2024-01-30 16:35:46	1	255	1	0
        4	2024-01-31 06:39:02	1	255	1	0
        5	2024-01-31 06:59:04	1	255	1	0
       14	2024-01-31 06:59:16	1	255	1	0
       12	2024-01-31 06:59:24	1	255	1	0
       11	2024-01-31 06:59:32	1	255	1	0
        8	2024-01-31 07:08:36	1	255	1	0
        9	2024-01-31 07:47:45	1	255	1	0
       15	2024-01-31 08:22:11	1	255	1	0
        7	2024-01-31 08:22:15	1	255	1	0
        5	2024-01-31 15:48:46	1	255	1	0
        4	2024-01-31 15:48:56	1	255	1	0
       14	2024-01-31 15:49:01	1	255	1	0
        9	2024-01-31 16:18:13	1	255	1	0
