        7	2021-05-18 16:08:18	1	255	1	0
        7	2021-05-18 16:13:54	1	255	1	0
        9	2021-05-18 16:25:46	1	255	1	0
        5	2021-05-19 06:47:46	1	255	1	0
        9	2021-05-19 07:47:27	1	255	1	0
        6	2021-05-19 08:40:35	1	255	1	0
        9	2021-05-20 07:33:00	1	255	1	0
        6	2021-05-20 08:25:42	1	255	1	0
        9	2021-05-20 15:57:05	1	255	1	0
        5	2021-05-20 17:36:04	1	255	1	0
        7	2021-05-20 17:36:29	1	255	1	0
        6	2021-05-20 17:36:43	1	255	1	0
        5	2021-05-21 07:12:54	1	255	1	0
        9	2021-05-21 07:43:06	1	255	1	0
        7	2021-05-21 08:10:23	1	255	1	0
        6	2021-05-21 08:18:17	1	255	1	0
        7	2021-05-21 15:07:10	1	255	1	0
        6	2021-05-21 15:09:15	1	255	1	0
        5	2021-05-21 15:09:43	1	255	1	0
        9	2021-05-21 17:40:55	1	255	1	0
        4	2021-05-24 06:08:34	1	255	1	0
        5	2021-05-24 06:58:12	1	255	1	0
        9	2021-05-24 08:03:09	1	255	1	0
        6	2021-05-24 08:26:20	1	255	1	0
        7	2021-05-24 15:59:25	1	255	1	0
        4	2021-05-24 16:28:21	1	255	1	0
        5	2021-05-24 16:28:27	1	255	1	0
        6	2021-05-24 16:59:49	1	255	1	0
        4	2021-05-25 06:05:25	1	255	1	0
        5	2021-05-25 06:57:22	1	255	1	0
        9	2021-05-25 07:51:13	1	255	1	0
        6	2021-05-25 08:13:38	1	255	1	0
        7	2021-05-25 10:59:52	1	255	1	0
        4	2021-05-25 16:55:49	1	255	1	0
        5	2021-05-25 16:55:53	1	255	1	0
        7	2021-05-25 17:33:20	1	255	1	0
        7	2021-05-25 17:34:26	1	255	1	0
        6	2021-05-25 17:34:30	1	255	1	0
        9	2021-05-25 18:09:32	1	255	1	0
        5	2021-05-26 06:48:13	1	255	1	0
        8	2021-05-26 07:08:16	1	255	1	0
        9	2021-05-26 07:50:29	1	255	1	0
        6	2021-05-26 09:02:33	1	255	1	0
        7	2021-05-26 13:34:47	1	255	1	0
        9	2021-05-26 16:02:15	1	255	1	0
        7	2021-05-26 16:51:55	1	255	1	0
        5	2021-05-26 16:53:25	1	255	1	0
        6	2021-05-26 16:54:45	1	255	1	0
        8	2021-05-27 05:36:26	1	255	1	0
        4	2021-05-27 07:04:13	1	255	1	0
        5	2021-05-27 07:05:05	1	255	1	0
        9	2021-05-27 07:48:07	1	255	1	0
        6	2021-05-27 09:02:28	1	255	1	0
        7	2021-05-27 11:28:44	1	255	1	0
        4	2021-05-27 17:00:46	1	255	1	0
        5	2021-05-27 17:01:21	1	255	1	0
        6	2021-05-27 17:03:28	1	255	1	0
        9	2021-05-27 17:06:32	1	255	1	0
        8	2021-05-28 05:35:21	1	255	1	0
        4	2021-05-28 06:33:23	1	255	1	0
        5	2021-05-28 06:49:11	1	255	1	0
        9	2021-05-28 07:50:57	1	255	1	0
        6	2021-05-28 08:32:14	1	255	1	0
        7	2021-05-28 12:23:08	1	255	1	0
        7	2021-05-28 15:37:36	1	255	1	0
        9	2021-05-28 16:02:07	1	255	1	0
        6	2021-05-28 16:48:17	1	255	1	0
        5	2021-05-28 16:57:53	1	255	1	0
        8	2021-05-29 06:05:29	1	255	1	0
        8	2021-05-30 06:03:10	1	255	1	0
        8	2021-05-31 05:22:18	1	255	1	0
        4	2021-05-31 06:34:51	1	255	1	0
        5	2021-05-31 07:02:03	1	255	1	0
        9	2021-05-31 07:45:58	1	255	1	0
        6	2021-05-31 07:57:10	1	255	1	0
        7	2021-05-31 08:37:36	1	255	1	0
        7	2021-05-31 15:10:32	1	255	1	0
        9	2021-05-31 15:53:20	1	255	1	0
        4	2021-05-31 15:57:35	1	255	1	0
        5	2021-05-31 15:57:41	1	255	1	0
        6	2021-05-31 17:00:21	1	255	1	0
        8	2021-06-01 05:08:47	1	255	1	0
        4	2021-06-01 06:45:13	1	255	1	0
        5	2021-06-01 07:05:28	1	255	1	0
       10	2021-06-01 07:44:21	1	255	1	0
       27	2021-06-01 11:40:07	1	255	1	0
