        8	2021-03-01 05:52:16	1	255	1	0
        4	2021-03-01 06:42:40	1	255	1	0
        5	2021-03-01 08:23:10	1	255	1	0
        6	2021-03-01 08:44:26	1	255	1	0
        9	2021-03-01 09:05:55	1	255	1	0
        3	2021-03-01 09:43:19	1	255	1	0
        3	2021-03-01 17:05:36	1	255	1	0
        6	2021-03-01 17:06:30	1	255	1	0
        9	2021-03-01 17:34:01	1	255	1	0
        5	2021-03-01 18:13:35	1	255	1	0
        4	2021-03-01 19:02:32	1	255	1	0
        8	2021-03-02 05:39:44	1	255	1	0
        4	2021-03-02 06:54:27	1	255	1	0
        5	2021-03-02 06:54:32	1	255	1	0
        9	2021-03-02 08:07:45	1	255	1	0
        6	2021-03-02 08:42:26	1	255	1	0
        3	2021-03-02 09:36:41	1	255	1	0
       27	2021-03-02 11:03:41	1	255	1	0
        9	2021-03-02 15:38:32	1	255	1	0
        4	2021-03-02 15:50:05	1	255	1	0
        5	2021-03-02 15:51:29	1	255	1	0
        6	2021-03-02 17:09:14	1	255	1	0
        3	2021-03-02 17:32:50	1	255	1	0
        8	2021-03-03 05:38:37	1	255	1	0
        4	2021-03-03 06:49:07	1	255	1	0
        5	2021-03-03 06:49:12	1	255	1	0
        9	2021-03-03 08:02:29	1	255	1	0
        6	2021-03-03 08:58:39	1	255	1	0
        7	2021-03-03 12:23:43	1	255	1	0
        7	2021-03-03 14:08:02	1	255	1	0
        4	2021-03-03 15:54:57	1	255	1	0
        5	2021-03-03 15:55:02	1	255	1	0
        6	2021-03-03 17:09:21	1	255	1	0
        3	2021-03-03 17:09:25	1	255	1	0
        9	2021-03-03 17:09:27	1	255	1	0
        8	2021-03-04 05:46:05	1	255	1	0
        5	2021-03-04 06:50:25	1	255	1	0
        4	2021-03-04 06:50:33	1	255	1	0
        6	2021-03-04 07:59:25	1	255	1	0
        9	2021-03-04 08:11:17	1	255	1	0
        3	2021-03-04 09:29:27	1	255	1	0
        7	2021-03-04 13:48:35	1	255	1	0
        9	2021-03-04 15:55:45	1	255	1	0
        6	2021-03-04 17:07:40	1	255	1	0
        3	2021-03-04 18:09:37	1	255	1	0
        4	2021-03-04 18:12:25	1	255	1	0
        5	2021-03-04 18:12:29	1	255	1	0
        8	2021-03-05 05:33:34	1	255	1	0
        5	2021-03-05 06:45:26	1	255	1	0
        4	2021-03-05 06:45:29	1	255	1	0
        9	2021-03-05 08:08:06	1	255	1	0
        6	2021-03-05 08:16:17	1	255	1	0
        6	2021-03-05 15:25:49	1	255	1	0
        9	2021-03-05 15:28:41	1	255	1	0
        4	2021-03-05 16:29:27	1	255	1	0
        5	2021-03-05 18:19:13	1	255	1	0
        3	2021-03-05 06:51:12	1	255	1	0
        3	2021-03-05 20:21:15	1	255	1	0
        8	2021-03-06 06:12:57	1	255	1	0
        8	2021-03-07 06:47:19	1	255	1	0
        4	2021-03-08 06:45:29	1	255	1	0
        8	2021-03-08 07:00:20	1	255	1	0
        4	2021-03-08 19:12:11	1	255	1	0
        8	2021-03-09 05:39:34	1	255	1	0
        5	2021-03-09 06:42:46	1	255	1	0
        4	2021-03-09 06:42:53	1	255	1	0
        6	2021-03-09 08:12:06	1	255	1	0
        3	2021-03-09 08:13:54	1	255	1	0
        9	2021-03-09 08:20:00	1	255	1	0
        9	2021-03-09 17:05:03	1	255	1	0
        6	2021-03-09 17:12:08	1	255	1	0
        3	2021-03-09 19:17:18	1	255	1	0
        4	2021-03-09 20:20:20	1	255	1	0
        5	2021-03-09 20:25:31	1	255	1	0        
        8	2021-03-10 05:31:23	1	255	1	0
        4	2021-03-10 06:37:13	1	255	1	0
        9	2021-03-10 08:05:31	1	255	1	0
        6	2021-03-10 08:09:43	1	255	1	0
        3	2021-03-10 08:38:31	1	255	1	0
        7	2021-03-10 10:07:01	1	255	1	0
        6	2021-03-10 17:55:21	1	255	1	0
        7	2021-03-10 17:56:32	1	255	1	0
        9	2021-03-10 17:57:58	1	255	1	0
        3	2021-03-10 19:12:12	1	255	1	0
        4	2021-03-10 21:11:05	1	255	1	0
        5	2021-03-10 06:01:11	1	255	1	0
        5	2021-03-10 18:14:51	1	255	1	0
        8	2021-03-11 05:47:15	1	255	1	0
        4	2021-03-11 06:37:05	1	255	1	0
        9	2021-03-11 08:12:17	1	255	1	0
        6	2021-03-11 08:17:11	1	255	1	0
        3	2021-03-11 08:50:20	1	255	1	0
        4	2021-03-11 16:54:05	1	255	1	0
        6	2021-03-11 17:20:26	1	255	1	0
        9	2021-03-11 17:51:33	1	255	1	0
        3	2021-03-11 17:51:36	1	255	1	0
        5	2021-03-11 07:11:01	1	255	1	0
        5	2021-03-11 18:02:42	1	255	1	0
        8	2021-03-12 05:40:13	1	255	1	0
        4	2021-03-12 06:35:38	1	255	1	0
        9	2021-03-12 07:58:42	1	255	1	0
        6	2021-03-12 08:41:32	1	255	1	0
        7	2021-03-12 12:14:36	1	255	1	0
        4	2021-03-12 16:04:01	1	255	1	0
        9	2021-03-12 17:12:30	1	255	1	0
        6	2021-03-12 17:30:19	1	255	1	0
        3	2021-03-12 07:01:03	1	255	1	0
        3	2021-03-12 19:31:03	1	255	1	0
        5	2021-03-12 06:51:17	1	255	1	0
        5	2021-03-12 17:55:23	1	255	1	0
        8	2021-03-13 06:23:36	1	255	1	0
        8	2021-03-14 06:04:38	1	255	1	0
        4	2021-03-14 07:21:42	1	255	1	0
        4	2021-03-14 15:19:49	1	255	1	0
        8	2021-03-15 05:38:53	1	255	1	0
        4	2021-03-15 06:41:05	1	255	1	0
        5	2021-03-15 06:52:16	1	255	1	0
        9	2021-03-15 08:09:36	1	255	1	0
        6	2021-03-15 08:37:13	1	255	1	0
        3	2021-03-15 09:26:55	1	255	1	0
        7	2021-03-15 09:45:21	1	255	1	0
        7	2021-03-15 15:36:27	1	255	1	0
        3	2021-03-15 16:51:17	1	255	1	0
        6	2021-03-15 18:07:40	1	255	1	0
        6	2021-03-15 18:08:21	1	255	1	0
        9	2021-03-15 18:22:15	1	255	1	0
        4	2021-03-15 18:24:32	1	255	1	0
        5	2021-03-15 18:24:36	1	255	1	0
        8	2021-03-17 05:31:39	1	255	1	0
        4	2021-03-17 06:42:07	1	255	1	0
        5	2021-03-17 06:42:13	1	255	1	0
        9	2021-03-17 08:11:32	1	255	1	0
        6	2021-03-17 08:26:35	1	255	1	0
        3	2021-03-17 09:00:55	1	255	1	0
        7	2021-03-17 09:38:40	1	255	1	0
        7	2021-03-17 16:58:07	1	255	1	0
        3	2021-03-17 18:04:43	1	255	1	0
        5	2021-03-17 18:04:44	1	255	1	0
        4	2021-03-17 18:57:05	1	255	1	0
        6	2021-03-17 19:05:07	1	255	1	0
        9	2021-03-17 19:11:51	1	255	1	0
        8	2021-03-18 05:36:27	1	255	1	0
        4	2021-03-18 06:48:27	1	255	1	0
        5	2021-03-18 06:48:32	1	255	1	0
        6	2021-03-18 08:00:30	1	255	1	0
        9	2021-03-18 08:16:22	1	255	1	0
        3	2021-03-18 08:48:19	1	255	1	0
        4	2021-03-18 16:44:45	1	255	1	0
        5	2021-03-18 16:44:48	1	255	1	0
        3	2021-03-18 17:46:50	1	255	1	0
        9	2021-03-18 18:10:32	1	255	1	0
        6	2021-03-18 18:16:01	1	255	1	0
        8	2021-03-19 05:40:22	1	255	1	0
        4	2021-03-19 06:29:53	1	255	1	0
        5	2021-03-19 07:10:44	1	255	1	0
        9	2021-03-19 07:55:26	1	255	1	0
        3	2021-03-19 10:01:13	1	255	1	0
        6	2021-03-19 10:10:16	1	255	1	0
        3	2021-03-19 18:53:16	1	255	1	0
        9	2021-03-19 18:53:19	1	255	1	0
        6	2021-03-19 19:00:16	1	255	1	0
        4	2021-03-19 19:03:31	1	255	1	0
        5	2021-03-19 19:03:35	1	255	1	0
        8	2021-03-20 05:37:54	1	255	1	0
        5	2021-03-20 07:04:24	1	255	1	0
        4	2021-03-20 07:08:50	1	255	1	0
        6	2021-03-20 08:27:46	1	255	1	0
        3	2021-03-20 09:14:06	1	255	1	0
        6	2021-03-20 14:02:48	1	255	1	0
        5	2021-03-20 16:09:59	1	255	1	0
        5	2021-03-20 16:10:09	1	255	1	0
        4	2021-03-20 16:10:29	1	255	1	0
        3	2021-03-20 16:19:35	1	255	1	0
        8	2021-03-21 05:39:24	1	255	1	0
        3	2021-03-21 06:12:25	1	255	1	0
        5	2021-03-21 07:02:39	1	255	1	0
        4	2021-03-21 07:09:05	1	255	1	0
        6	2021-03-21 08:11:54	1	255	1	0
        3	2021-03-21 15:03:00	1	255	1	0
        4	2021-03-21 15:12:45	1	255	1	0
        5	2021-03-21 15:13:43	1	255	1	0
        6	2021-03-21 15:44:05	1	255	1	0
        8	2021-03-22 05:34:27	1	255	1	0
        4	2021-03-22 06:41:29	1	255	1	0
        5	2021-03-22 06:41:33	1	255	1	0
        9	2021-03-22 08:01:23	1	255	1	0
        6	2021-03-22 08:32:59	1	255	1	0
        3	2021-03-22 10:20:31	1	255	1	0
        7	2021-03-22 10:47:38	1	255	1	0
        7	2021-03-22 14:39:59	1	255	1	0
        4	2021-03-22 16:29:40	1	255	1	0
        3	2021-03-22 17:07:48	1	255	1	0
        5	2021-03-22 17:07:51	1	255	1	0
        6	2021-03-22 17:44:54	1	255	1	0
        9	2021-03-22 18:20:37	1	255	1	0
        8	2021-03-23 05:34:03	1	255	1	0
        4	2021-03-23 06:48:44	1	255	1	0
        5	2021-03-23 06:48:51	1	255	1	0
        9	2021-03-23 07:56:37	1	255	1	0
        3	2021-03-23 09:27:11	1	255	1	0
        7	2021-03-23 13:26:21	1	255	1	0
        9	2021-03-23 15:57:04	1	255	1	0
        3	2021-03-23 16:52:38	1	255	1	0
        4	2021-03-23 18:46:17	1	255	1	0
        5	2021-03-23 18:46:26	1	255	1	0
        6	2021-03-23 06:11:09	1	255	1	0
        6	2021-03-23 16:51:59	1	255	1	0
        8	2021-03-24 05:34:16	1	255	1	0
        3	2021-03-24 06:40:12	1	255	1	0
        4	2021-03-24 06:39:20	1	255	1	0
        5	2021-03-24 07:01:11	1	255	1	0
        9	2021-03-24 07:58:15	1	255	1	0
        6	2021-03-24 08:31:44	1	255	1	0
        9	2021-03-24 16:09:26	1	255	1	0
        6	2021-03-24 17:34:18	1	255	1	0
        4	2021-03-24 17:59:00	1	255	1	0
        5	2021-03-24 18:31:44	1	255	1	0
        3	2021-03-24 18:31:51	1	255	1	0
        8	2021-03-25 05:36:13	1	255	1	0
        5	2021-03-25 06:51:00	1	255	1	0
        4	2021-03-25 06:51:15	1	255	1	0
        9	2021-03-25 08:00:55	1	255	1	0
        6	2021-03-25 08:24:42	1	255	1	0
        3	2021-03-25 09:24:35	1	255	1	0
        7	2021-03-25 12:22:43	1	255	1	0
        7	2021-03-25 14:37:10	1	255	1	0
        9	2021-03-25 15:37:49	1	255	1	0
        4	2021-03-25 15:47:21	1	255	1	0
        7	2021-03-25 16:22:36	1	255	1	0
        6	2021-03-25 16:45:03	1	255	1	0
        3	2021-03-25 16:51:51	1	255	1	0
        5	2021-03-25 16:51:55	1	255	1	0
        9	2021-03-26 06:12:17	1	255	1	0
        8	2021-03-26 05:36:32	1	255	1	0
        3	2021-03-26 06:19:11	1	255	1	0
        5	2021-03-26 06:39:54	1	255	1	0
        4	2021-03-26 06:39:57	1	255	1	0
        6	2021-03-26 08:27:36	1	255	1	0
        3	2021-03-26 16:59:13	1	255	1	0
        6	2021-03-26 17:27:09	1	255	1	0
        4	2021-03-26 18:15:57	1	255	1	0
        5	2021-03-26 18:16:23	1	255	1	0
        9	2021-03-26 18:45:33	1	255	1	0
        9	2021-03-27 06:49:33	1	255	1	0
        8	2021-03-27 06:49:39	1	255	1	0
        9	2021-03-27 19:51:57	1	255	1	0
        8	2021-03-28 06:12:53	1	255	1	0
        8	2021-03-29 05:39:56	1	255	1	0
        4	2021-03-29 06:46:52	1	255	1	0
        5	2021-03-29 06:46:58	1	255	1	0
        5	2021-03-29 06:48:18	1	255	1	0
        9	2021-03-29 08:10:52	1	255	1	0
        6	2021-03-29 08:11:47	1	255	1	0
        3	2021-03-29 09:14:51	1	255	1	0
        7	2021-03-29 12:56:49	1	255	1	0
        6	2021-03-29 17:11:32	1	255	1	0
        3	2021-03-29 17:37:16	1	255	1	0
        9	2021-03-29 17:51:10	1	255	1	0
        4	2021-03-29 17:55:49	1	255	1	0
        5	2021-03-29 17:55:54	1	255	1	0
        7	2021-03-29 18:41:00	1	255	1	0
        8	2021-03-30 05:37:37	1	255	1	0
        4	2021-03-30 06:52:54	1	255	1	0
        5	2021-03-30 06:52:58	1	255	1	0
        6	2021-03-30 08:18:10	1	255	1	0
        3	2021-03-30 09:56:09	1	255	1	0
        7	2021-03-30 12:02:55	1	255	1	0
        3	2021-03-30 17:47:02	1	255	1	0
        4	2021-03-30 18:34:46	1	255	1	0
        5	2021-03-30 18:35:19	1	255	1	0
        7	2021-03-30 20:10:29	1	255	1	0
        6	2021-03-30 20:10:50	1	255	1	0
        9	2021-03-30 06:21:35	1	255	1	0
        9	2021-03-30 19:36:43	1	255	1	0
        8	2021-03-31 05:37:49	1	255	1	0
        4	2021-03-31 06:40:21	1	255	1	0
        5	2021-03-31 06:40:25	1	255	1	0
        9	2021-03-31 08:11:29	1	255	1	0
        6	2021-03-31 09:23:48	1	255	1	0
        7	2021-03-31 09:23:51	1	255	1	0
        7	2021-03-31 15:17:44	1	255	1	0
        4	2021-03-31 15:37:38	1	255	1	0
        5	2021-03-31 15:38:06	1	255	1	0
        6	2021-03-31 16:06:45	1	255	1	0
        9	2021-03-31 16:38:32	1	255	1	0
        3	2021-03-31 06:11:07	1	255	1	0
        3	2021-03-31 19:18:12	1	255	1	0
